:Accuracy
Train:0.9998498437009432
Test:0.9674247080516287
Val:0.9662722802704364
