:Accuracy
Train:0.9984847864367911
Test:0.9640442532267978
Val:0.9635064535955746
